# Mean
# Std
0.3078 0.3499 0.3976 0.4397 0.4891 0.5474 0.5628 0.5903 0.5802 0.5739 0.5598 0.5441 0.5281 0.5165 0.5054 0.4705 0.4356 0.4124 0.3772
0.2739 0.3211 0.3654 0.4258 0.4752 0.5022 0.5555 0.5860 0.6389 0.6807 0.7227 0.7558 0.7831 0.8014 0.8174 0.8488 0.8723 0.8875 0.9060
0.3071 0.3592 0.4127 0.4752 0.5328 0.5736 0.6102 0.6395 0.6494 0.6431 0.6435 0.6327 0.5871 0.5625 0.5302 0.5197 0.4900 0.4618 0.4486
0.2542 0.2973 0.3471 0.3936 0.4533 0.5035 0.5352 0.5632 0.5979 0.6419 0.6725 0.7052 0.7539 0.7805 0.8130 0.8281 0.8493 0.8696 0.8795
0.2540 0.3017 0.3668 0.4362 0.5062 0.5666 0.6123 0.6500 0.6748 0.6978 0.7123 0.7248 0.7289 0.7316 0.7323 0.7309 0.7301 0.7259 0.7248
0.1703 0.2228 0.2845 0.3393 0.3854 0.4160 0.4426 0.4586 0.4804 0.4924 0.5060 0.5188 0.5349 0.5497 0.5627 0.5764 0.5879 0.6014 0.6093
0.3061 0.3785 0.4631 0.5527 0.6301 0.6805 0.7430 0.7755 0.7954 0.8072 0.8102 0.8132 0.8089 0.7964 0.7903 0.7814 0.7627 0.7399 0.7304
0.2070 0.2635 0.3177 0.3528 0.3732 0.3887 0.3913 0.4154 0.4304 0.4504 0.4685 0.4890 0.5127 0.5411 0.5589 0.5784 0.6076 0.6428 0.6590
